{
  "entityId": 125,
  "x": 108.90683726627326,
  "y": 70.20000000298023,
  "z": 52.90683726627325,
  "yaw": 96,
  "pitch": 0,
  "onGround": false
}