{
  "entityId": 227,
  "x": 167.45904999827744,
  "y": 21,
  "z": 176.45904999827744,
  "yaw": -32,
  "pitch": 0,
  "onGround": true
}